0,1,2
-1.8140118308700062,2.6029168006740897,2456.7607791639525
-2.109023220144975,-2.8811457300163434,2482.108275851758
0.0035120557151305395,3.55813111483964e-05,1.0
